% Simscape(TM) Multibody(TM) version: 6.0

% This is a model data file derived from a Simscape Multibody Import XML file using the smimport function.
% The data in this file sets the block parameter values in an imported Simscape Multibody model.
% For more information on this file, see the smimport function help page in the Simscape Multibody documentation.
% You can modify numerical values, but avoid any other changes to this file.
% Do not add code to this file. Do not edit the physical units shown in comments.

%%%VariableName:smiData


%============= RigidTransform =============%

%Initialize the RigidTransform structure array by filling in null values.
% -------------------------------------------------------------------
%  Generated by MATLAB on 12-Nov-2018 11:01:33
%  MATLAB version: 9.5.0.944444 (R2018b)
% -------------------------------------------------------------------
                                                 

smiData = struct;
smiData.RigidTransform = struct;
smiData.RigidTransform(1).translation = ...
  [0 0 0];
smiData.RigidTransform(1).angle = 2.0943951023931957;
smiData.RigidTransform(1).axis = [0.57735026918962584 -0.57735026918962573 ...
                                  0.57735026918962573];
smiData.RigidTransform(1).ID = 'B[Assem1^COMPLETE ARM-1:-:]';
smiData.RigidTransform(2).translation = ...
  [0 0 0];
smiData.RigidTransform(2).angle = 2.0943951023931953;
smiData.RigidTransform(2).axis = [0.57735026918962584 -0.57735026918962584 ...
                                  0.57735026918962584];
smiData.RigidTransform(2).ID = 'F[Assem1^COMPLETE ARM-1:-:]';
smiData.RigidTransform(3).translation = ...
  [0.71269779943321421 55.159999992200007 -26.017999983199989];
smiData.RigidTransform(3).angle = 3.1415926535897931;
smiData.RigidTransform(3).axis = [1 0 0];
smiData.RigidTransform(3).ID = ['B[Assem1^COMPLETE ARM-1:-:Assem4^COMPL' ...
                                'ETE ARM-1]'];
smiData.RigidTransform(4).translation = ...
  [-49.820981081811247 29.713086192593064 -26.017999983200227];
smiData.RigidTransform(4).angle = 3.1415926535897927;
smiData.RigidTransform(4).axis = [-1 -2.0901852549631603E-32 5.4975942762946407E-17 ...
                                  ];
smiData.RigidTransform(4).ID = ['F[Assem1^COMPLETE ARM-1:-:Assem4^COMPL' ...
                                'ETE ARM-1]'];
smiData.RigidTransform(5).translation = ...
  [19.693494939726637 233.86362037722765 -24.523572733087779];
smiData.RigidTransform(5).angle = 3.1415926535897931;
smiData.RigidTransform(5).axis = [-1 5.5555340491660379E-35 -8.3378142400390213E-17 ...
                                  ];
smiData.RigidTransform(5).ID = ['B[Assem4^COMPLETE ARM-1:-:Assem3^COMPL' ...
                                'ETE ARM-1]'];
smiData.RigidTransform(6).translation = ...
  [67.718791765613418 260.17353652457854 22.406705977765995];
smiData.RigidTransform(6).angle = 8.6355085227607645E-16;
smiData.RigidTransform(6).axis = [0.999367449685431 0.035562627985533869 ...
                                  1.5345355999409188E-17];
smiData.RigidTransform(6).ID = ['F[Assem4^COMPLETE ARM-1:-:Assem3^COMPL' ...
                                'ETE ARM-1]'];
smiData.RigidTransform(7).translation = ...
  [0 0 0];
smiData.RigidTransform(7).angle = 1.5707963267948966;
smiData.RigidTransform(7).axis = [-1 0 0];
smiData.RigidTransform(7).ID = ['AssemblyGround[Assem1^COMPLETE ARM-1:R' ...
                                'X-64 BRKT-1]'];
smiData.RigidTransform(8).translation = ...
  [0.71269779943321421 55.159999992200007 -0.017999989399993671];
smiData.RigidTransform(8).angle = 3.1415926535897931;
smiData.RigidTransform(8).axis = [1.5824490522913157E-16 1 0];
smiData.RigidTransform(8).ID = ['AssemblyGround[Assem1^COMPLETE ARM-1:M' ...
                                'X-106T-1]'];
smiData.RigidTransform(9).translation = ...
  [67.7187917656162 260.17353652457524 -1.0932940122338493];
smiData.RigidTransform(9).angle = 1.898938262147877;
smiData.RigidTransform(9).axis = [-0.49369341961607205 -0.71591453041237962 ...
                                  -0.49369341961607216];
smiData.RigidTransform(9).ID = ['AssemblyGround[Assem3^COMPLETE ARM-1:F' ...
                                'R05-H101-1]'];
smiData.RigidTransform(10).translation = ...
  [167.30428107616862 278.22819576640467 -0.012933502192560668];
smiData.RigidTransform(10).angle = 1.6034508072369555;
smiData.RigidTransform(10).axis = [0.17781013018065214 -0.96786730248018982 ...
                                   0.17781013018065173];
smiData.RigidTransform(10).ID = ['AssemblyGround[Assem3^COMPLETE ARM-1:' ...
                                 '25 Girder-1]'];
smiData.RigidTransform(11).translation = ...
  [18.636000000000013 -14.573000000000002 0];
smiData.RigidTransform(11).angle = 1.5707963267948968;
smiData.RigidTransform(11).axis = [0 1 0];
smiData.RigidTransform(11).ID = ['AssemblyGround[Assem3^COMPLETE ARM-1:' ...
                                 'Dual Gripper-1:AX Side BRKT-2]'];
smiData.RigidTransform(12).translation = ...
  [0 0 0];
smiData.RigidTransform(12).angle = 0;
smiData.RigidTransform(12).axis = [0 0 0];
smiData.RigidTransform(12).ID = ['AssemblyGround[Assem3^COMPLETE ARM-1:' ...
                                 'Dual Gripper-1:MX28R-1]'];
smiData.RigidTransform(13).translation = ...
  [0 0 0];
smiData.RigidTransform(13).angle = 0;
smiData.RigidTransform(13).axis = [0 0 0];
smiData.RigidTransform(13).ID = ['AssemblyGround[Assem3^COMPLETE ARM-1:' ...
                                 'Dual Gripper-1:PRT0006-1]'];
smiData.RigidTransform(14).translation = ...
  [18.636000000000013 -14.573000000000002 0];
smiData.RigidTransform(14).angle = 1.5707963267948966;
smiData.RigidTransform(14).axis = [0 -1 0];
smiData.RigidTransform(14).ID = ['AssemblyGround[Assem3^COMPLETE ARM-1:' ...
                                 'Dual Gripper-1:AX Side BRKT-1]'];
smiData.RigidTransform(15).translation = ...
  [37.272000000000013 0 0];
smiData.RigidTransform(15).angle = 0;
smiData.RigidTransform(15).axis = [0 0 0];
smiData.RigidTransform(15).ID = ['AssemblyGround[Assem3^COMPLETE ARM-1:' ...
                                 'Dual Gripper-1:MX28R-2]'];
smiData.RigidTransform(16).translation = ...
  [61.5053018259705 7.4250859273466414 8.04600000000005];
smiData.RigidTransform(16).angle = 1.5852273248353812;
smiData.RigidTransform(16).axis = [-0.1192695273812327 0.98567213599478132 ...
                                   0.1192695273812327];
smiData.RigidTransform(16).ID = ['AssemblyGround[Assem3^COMPLETE ARM-1:' ...
                                 'Dual Gripper-1:Assem2^Dual Gripper-1:' ...
                                 'Assem2^Assem2_Dual Gripper-1:Finger-3' ...
                                 '-1]'];
smiData.RigidTransform(17).translation = ...
  [50.903344885982904 50.592214729742565 -4.3999999999999737];
smiData.RigidTransform(17).angle = 1.655399472517801;
smiData.RigidTransform(17).axis = [-0.27913797184975364 0.91878397098731124 ...
                                   0.27913797184975364];
smiData.RigidTransform(17).ID = ['AssemblyGround[Assem3^COMPLETE ARM-1:' ...
                                 'Dual Gripper-1:Assem2^Dual Gripper-1:' ...
                                 'Assem2^Assem2_Dual Gripper-1:Finger-2' ...
                                 '-1]'];
smiData.RigidTransform(18).translation = ...
  [24.584714388279664 90.1560306260481 -4.4000000000000137];
smiData.RigidTransform(18).angle = 1.5852273248353812;
smiData.RigidTransform(18).axis = [-0.1192695273812327 0.98567213599478132 ...
                                   0.1192695273812327];
smiData.RigidTransform(18).ID = ['AssemblyGround[Assem3^COMPLETE ARM-1:' ...
                                 'Dual Gripper-1:Assem2^Dual Gripper-1:' ...
                                 'Assem2^Assem2_Dual Gripper-1:Finger-1' ...
                                 '-1]'];
smiData.RigidTransform(19).translation = ...
  [0 0 0];
smiData.RigidTransform(19).angle = 0;
